Single Threaded
---------------

---------------------------
Qatar:
tiempo total insertion multiarranque: 4m45.719903731s
Mejor Obtenido->  {[189 186 185 182 178 171 173 172 174 183 188 191 190 187 192 180 176 177 179 184 170 165 169 166 167 164 158 161 157 154 159 147 142 132 128 134 130 135 150 156 153 152 149 143 151 146 140 121 118 113 112 108 101 102 90 92 95 94 105 104 107 106 117 115 116 120 127 123 122 119 114 111 109 99 96 91 87 82 80 78 83 76 69 63 67 65 72 66 60 55 47 43 49 54 48 41 34 29 18 14 4 9 8 11 31 30 37 40 45 53 51 52 42 39 33 57 50 46 38 36 26 28 21 27 17 20 23 25 32 44 56 59 68 73 77 74 71 75 86 79 70 24 22 16 13 6 10 12 15 7 5 3 2 1 0 19 64 85 84 97 62 35 58 61 81 88 89 93 98 100 103 110 129 126 124 125 131 133 136 139 144 141 137 138 145 148 155 160 162 163 168 175 181 193] 10383}
FO = 10383
----------------------------

Multithreaded
-------------



